9.411455 2.440107 3.357311
10.447818 1.890419 4.700527
11.441356 1.164033 5.752346
12.434567 0.295592 6.545320
13.446826 -0.674246 7.124181
14.480184 -1.704103 7.505879
15.534625 -2.751040 7.689865
16.608393 -3.771960 7.673572
17.692982 -4.726810 7.457937
18.770859 -5.580960 7.047960
19.815294 -6.306724 6.452699
20.791489 -6.884603 5.685133
21.658867 -7.304245 4.761544
22.374460 -7.564803 3.700267
22.896534 -7.674400 2.520599
23.187906 -7.648324 1.242491
23.218407 -7.506001 -0.112409
22.966280 -7.267174 -1.518720
22.419062 -6.948366 -2.945495
21.574228 -6.560529 -4.356139
20.439976 -6.108643 -5.710705
19.036304 -5.593389 -6.970496
17.395761 -5.014206 -8.103365
15.563012 -4.372896 -9.087948
13.592496 -3.676054 -9.915209
11.543763 -2.935973 -10.586795
9.475202 -2.169505 -11.110969
7.437511 -1.395540 -11.497577
5.468668 -0.631954 -11.753917
3.591653 0.106965 -11.882505
1.815355 0.811991 -11.881056
0.137996 1.479227 -11.744261
-1.448208 2.109222 -11.466249
-2.952660 2.705634 -11.043064
-4.383242 3.273637 -10.474212
-5.744836 3.818578 -9.763361
-7.039363 4.344861 -8.918141
-8.266734 4.855239 -7.949277
-9.426061 5.350188 -6.869630
-10.516751 5.827579 -5.693201
-11.539209 6.282412 -4.434356
-12.495096 6.706769 -3.107361
-13.387224 7.089933 -1.726178
-14.219217 7.418788 -0.304488
-14.995027 7.678314 1.144145
-15.718426 7.852410 2.605998
-16.392506 7.924802 4.066938
-17.019260 7.880026 5.512145
-17.599306 7.704483 6.925996
-18.131699 7.387336 8.292014
-18.613953 6.921392 9.592967
-19.042166 6.303786 10.811117
-19.411299 5.536388 11.928576
-19.715559 4.626082 12.927807
-19.948868 3.584708 13.792175
-20.105345 2.428849 14.506577
-20.179789 1.179372 15.058046
-20.168127 -0.139244 15.436370
-20.067768 -1.499694 15.634603
-19.877836 -2.872735 15.649478
-19.599289 -4.228189 15.481685
-19.234940 -5.535899 15.135998
-18.789286 -6.766727 14.621191
-18.268297 -7.893392 13.949846
-17.679058 -8.891344 13.137938
-17.029375 -9.739372 12.204337
-16.327335 -10.420210 11.170148
-15.580824 -10.920892 10.058048
-14.797117 -11.232982 8.891537
-13.982507 -11.352769 7.694207
-13.142708 -11.281198 6.480383
-12.284873 -11.023767 5.220236
-11.418326 -10.590054 3.822465
-10.547650 -9.993126 2.237113
-9.663157 -9.249918 0.601433
-8.745834 -8.381011 -0.829125
-7.784058 -7.409250 -1.922008
-6.778897 -6.358648 -2.734853
-5.735467 -5.254925 -3.368857
-4.656211 -4.125161 -3.866306
-3.542171 -2.996747 -4.226774
-2.395808 -1.896842 -4.440806
-1.221929 -0.852041 -4.498692
-0.027595 0.112012 -4.391287
1.178286 0.970909 -4.111531
2.385666 1.701777 -3.656753
3.584909 2.283203 -3.026531
4.771736 2.695203 -2.203361
5.952805 2.921796 -1.132993
7.135451 2.955506 0.226983
8.301772 2.795524 1.796345
