-5.62455009292523 -3.41666897117032 -2.03636810335454
-4.74917021039849 -4.09838695312858 -2.62655216530651
-3.60604076895127 -4.62997931297834 -2.84993244600854
-2.35447622802252 -4.98716639751057 -2.65744056212689
-1.26210739279135 -5.14824198723286 -1.88587673184514
-0.466634735370696 -5.14259427837487 -0.728349391595194
0.235642269447606 -5.0937753557099 0.50535850803419
1.05350530825074 -5.02400408176365 1.59608277126261
2.12256093352413 -4.93145485499549 2.29527059580803
3.31452505603098 -4.70340718917022 2.48042681609019
4.43319258530745 -4.28770323999636 2.24363145946643
5.27550618432345 -3.76408323567786 1.6332273572414
5.84427096323401 -3.0428394300204 0.866580157432251
6.22696975219834 -2.2823479492535 -0.0375933639744291
6.37508192307891 -1.48021213159642 -1.02736190349879
6.28753715559617 -0.561927346574399 -1.91469983240863
5.90742274193595 0.413292188243911 -2.67406934412681
5.25058034522884 1.32156250934291 -3.20898627990641
4.33862029084614 2.14237093640756 -3.27381583692481
3.40040324841862 2.91135827371408 -2.79252908901111
2.63916823953486 3.58792820864458 -1.96013080737702
1.99236689435658 4.07457802058521 -0.942657235345151
1.50735184774979 4.5486415845251 0.141910600519444
1.00729971176001 5.02923017329572 1.17435240554589
0.35562153799593 5.68063846857012 1.97557416325441
-0.534858439870173 6.3927428557451 2.34067561441811
-1.55035218388203 6.9641234537808 2.17966053687228
-2.57457030542351 7.23371566483565 1.71911120564404
-3.55170075171032 7.17655463103154 1.00282569650959
-4.3418519709887 6.83394661465826 0.0649699830460658
-4.94021791673219 6.34141375696548 -0.936881357677346
-5.18466390338329 5.52284431342976 -1.85623629652885
-5.09715722223287 4.4502061297062 -2.4514242033786
-4.56691726564099 3.28565874754682 -2.61584119519513
-3.77081604869805 2.28282518244258 -2.15472310056937
-2.91596141179545 1.60393625274171 -1.28928609297445
-2.11828392175535 1.1179671734271 -0.284818425441368
-1.27592187874221 0.629850784249347 0.600845385673849
-0.389181803380769 0.044337412191149 1.25161243511598
0.520944405719076 -0.809168543259656 1.32144291132683
1.31885716318774 -1.68173139062924 0.821978875561127
1.92267232912193 -2.52199416035692 -0.0697882055508072
2.32811022151206 -3.47261644420138 -1.10323852929647
2.49959134234767 -4.6045158712737 -1.99654839186659
2.31670570786284 -5.89522681261417 -2.50668405950351
1.64965973191436 -7.08418126099511 -2.30629265358753
0.797774658005086 -7.88454574792069 -1.54606956397629
-0.145509032226463 -8.19278319829215 -0.585688939520846
-1.038560940884 -8.07420662335512 0.372421715984916
-1.85695764409632 -7.48366620099116 1.1751644093724
-2.51600664935654 -6.52859560050296 1.6938340154381
-2.87152121715235 -5.29820593867481 1.68651504193989
-2.83922808792057 -4.11941187183266 1.06298432150918
-2.51205413398457 -3.13244993320678 0.144685921363446
-2.03964884120349 -2.27482691519517 -0.881562309124488
-1.35941796275748 -1.50185219610506 -1.87381273184085
-0.338765932403841 -0.674450160329545 -2.35223901646747
0.733907968058485 0.123214747285857 -2.17229966180892
1.67859260519142 0.741140207939824 -1.36512914584515
2.46724028675394 1.25551732868814 -0.265485586012978
3.23292133583884 1.95267652501715 0.616400062676527
3.9659404984858 2.75876989258917 1.1207440354468
4.5262434355827 3.72278118691759 1.28422736902712
4.79414221416935 4.8141180420559 1.06473917979437
4.7799099419948 5.82516568083641 0.585730981147756
4.41726878819281 6.72020905318154 -0.0112870964341073
3.78630005467201 7.29647235288265 -0.762302421692911
2.9528240028776 7.38223499858134 -1.56398896336035
1.86598574399194 7.14915682404743 -2.0629326670819
0.772704638294737 6.57367899197204 -2.28265359308276
-0.262346164412857 5.92049027602129 -2.02178801081747
-1.03934373243738 5.21123693648875 -1.26663252151577
-1.65648848511253 4.55536724007006 -0.266712171892221
-2.30586115190888 3.91940601723823 0.73165117840826
-3.08006110753483 3.31211663723558 1.61011583206836
-4.03294310809781 2.68493616552408 2.14624637834884
-4.90018566981187 1.92645663695556 2.18142992505647
-5.59845157928552 1.0559665257435 1.75654492141979
-6.09908212933 0.170070265307034 1.11616848754469
-6.32123791085251 -0.749088896972564 0.33748056350731
-6.32361087148301 -1.68405921981863 -0.451123326833003
-6.1071511113841 -2.5655135757452 -1.27466934032925
