-7.35683915026311 6.07841063129308 -0.673016075452324
-7.94026525880327 5.21674094435002 -0.134802193599171
-8.37938901050074 4.27613824498258 0.409063216589857
-8.65895127884869 3.27073135403043 0.94577002422011
-8.75521564483643 2.21521424516686 1.45440757444885
-8.64218507811893 1.13087434179033 1.90238538720587
-8.30290499368857 0.0521859667496756 2.2458099257492
-7.74095469282474 -0.972624504822306 2.43777350489108
-6.98760596565262 -1.88949078517908 2.43852704200253
-6.09899732697522 -2.6503748834657 2.22489927090646
-5.14577288099099 -3.22230955105624 1.79519473310211
-4.19386712495179 -3.5932381941675 1.17220792621083
-3.28133368298586 -3.76523303985596 0.405672299588332
-2.39366696569778 -3.73132386984071 -0.420581143116578
-1.47717745389673 -3.44987775871414 -1.17185764323222
-0.518489863854484 -2.88039208673581 -1.67088759528997
0.404404713393888 -2.07052807620494 -1.75697921027313
1.1794176325202 -1.173065376468 -1.36758890793135
1.74720784599776 -0.341160405427217 -0.592387604527175
2.13188854139298 0.480571814608993 0.316566536159371
2.41446495818673 1.50557067045884 1.01773281836358
2.60021185615915 2.72931493945362 1.25132932291308
2.61339875560952 3.94006069327588 0.956131159502547
2.42294225069054 4.95978478934558 0.272861383695272
2.04862269057776 5.79432714027644 -0.560173893012688
1.48497693121317 6.53279350949742 -1.34818532731151
0.712036239143345 7.196471320407 -1.98548933932034
-0.254186722013401 7.74485795326473 -2.41896156268194
-1.35943728023267 8.12351035176835 -2.62995195388794
-2.53137587281526 8.29136074334383 -2.62712618972
-3.69577909428335 8.23164292726142 -2.44006060180254
-4.7916104386095 7.95151550607989 -2.11057649982104
-5.77836728605325 7.47641035731067 -1.68275580479531
-6.63551575032761 6.84080180380261 -1.19446375657571
