3.80653341062134 -3.1976877512061 -0.250223445094889
2.90040623856476 -3.20092391967773 0.567448455403792
1.89827273518313 -2.9380751249264 1.21791831820155
0.835910540801706 -2.40087115863571 1.52319687735871
-0.16154849700979 -1.67794707950088 1.36552355793538
-0.971309763466706 -0.927335781219881 0.755505801032996
-1.55831476679305 -0.218974460207392 -0.136777761450503
-2.00580495156464 0.609844242804684 -1.00730708031915
-2.39486431670957 1.6932415322517 -1.54379189806059
-2.65771311146091 2.91992917013704 -1.57543443422765
-2.69780564308167 4.08027535435394 -1.12812403659336
-2.5018376634107 5.05202483152971 -0.381468055333244
-2.09659745590761 5.87293290050002 0.443934692069888
-1.48118608488585 6.61131867344375 1.1891523762315
-0.652726956148399 7.2700587445579 1.76501057704445
0.358575691236183 7.80402654237696 2.12368591598351
1.49213359199348 8.16144337135484 2.24881776355323
2.67153721276554 8.3054528683424 2.15173270940431
3.82307382725412 8.22508801796357 1.86569137393963
4.89029027434299 7.93419242979144 1.43725862572319
5.84082486931584 7.46171183293336 0.914617417554837
6.66263187397271 6.83982812496834 0.338219855329953
7.35229533270467 6.09461044080672 -0.262089396157535
7.90316312143113 5.24205983566935 -0.862578434782336
8.29851503638201 4.29116566642188 -1.44041429410572
8.51192236837232 3.25253537416575 -1.96467358650989
8.51390002688277 2.14756362824119 -2.39526378037408
8.28485121394624 1.01760147023015 -2.68508064572234
7.82873124658363 -0.0776617702795193 -2.78935718536377
7.17808159664855 -1.07170485248207 -2.67770937309251
6.39097350949305 -1.90609695675084 -2.34060849063098
5.5359058844333 -2.54362214566208 -1.79279708323884
4.66969145686016 -2.97331340383971 -1.07346874685027
