-5.95118073127042 -2.53921848730404 -0.910282705752458
-5.63981279588783 -3.48847649592116 -0.348574935864014
-5.22142584632479 -4.36623006258098 0.226140461106904
-4.7672214316998 -5.17205057523366 0.809557745464218
-4.12229279897434 -5.86992027186989 1.35281525375831
-3.27013830673384 -6.41330050407381 1.81035717337801
-2.25854747464757 -6.6879667285597 2.13305171856819
-1.18947378269613 -6.72950201080717 2.26945981699113
-0.117746517127699 -6.53838494717583 2.16043633771741
0.940573030119687 -6.06059546277232 1.80694774690998
1.69339872520095 -5.27523637358258 1.19384940245345
2.08891425952309 -4.33528595727816 0.400239292568673
2.05037996087196 -3.37051781455309 -0.520094577788061
1.70643092127103 -2.53666624888554 -1.52912093854063
0.818272716438158 -1.72293902647755 -2.16518825762364
-0.318659506316814 -0.963010271481923 -2.1114034068065
-1.28944708794593 -0.265293248006744 -1.41917712252907
-1.95161353986018 0.452244935801884 -0.48936459967802
-2.2463139827796 1.25429718070184 0.443397520802776
-2.44561278471451 2.15065887433722 1.27162825807801
-2.50351779462787 3.15654506439109 1.91695384820796
-2.39740301474873 4.17140974896141 2.32454412451141
-2.03662507362906 5.06065463913128 2.36633841439529
-1.50222912610508 5.74009800929923 2.01003406968792
-0.79321712073039 6.1508276375004 1.34759925909612
-0.0543391401450404 6.37563199249569 0.487067075019668
0.735063087542532 6.34086229672013 -0.40691799093428
1.45288204761674 6.08639584614224 -1.32594282790025
2.10258721598025 5.56344453830158 -2.07409203677212
2.61022694560692 4.8082600103218 -2.47698341297515
2.8532788101446 3.81842183260075 -2.55637012361093
2.85645256132574 2.78992797147445 -2.22312118343567
2.66597935154952 1.85748984788781 -1.58765091830891
2.33247051296732 1.06364085902849 -0.680961290921346
1.77155301252046 0.412889656594196 0.352836900751654
1.06558998773965 -0.171437679230921 1.35874494506455
0.223834659553515 -0.889768714810849 1.95904535428293
-0.64377473893587 -1.80122557847517 1.88807820852805
-1.37873840358523 -2.73744271335678 1.21748639247101
-1.61303907501366 -3.72803242617401 0.206922933985014
-1.36295524035165 -4.59426467735565 -0.893856036104175
-0.757671769343162 -5.35985853043144 -1.78660034459556
0.151401220339036 -5.89814000621266 -2.4268174017361
1.23348432074987 -6.194837425799 -2.78940599596692
2.3587095535045 -6.22092853755969 -2.86321907528708
3.46098852359013 -5.96361952028955 -2.66952713328699
4.46864902355905 -5.47438261416581 -2.28762422012923
5.26317445899911 -4.84254330044085 -1.74713006650373
5.67442630844001 -4.07696823203342 -1.08128191857257
5.88757132427082 -3.19738402180251 -0.417678350321181
5.9777678622264 -2.33253971028359 0.278968044253831
5.93745841152518 -1.40256571680874 0.911187367656558
5.73795504758316 -0.519378400481902 1.52191264912754
5.29026918403571 0.413264632859067 1.97448581622174
4.64270593634696 1.28125408212376 2.27714611752274
3.83167185790707 2.04809631039986 2.35274404243584
3.01749723702442 2.66974275307209 2.14026234629505
2.07432788409851 3.04250174873698 1.66106185649183
1.26043418645651 3.26560838149727 0.888619837940325
0.448173105708348 3.38822878034801 -0.0102830785846981
-0.355398052756248 3.40186220660301 -0.937465258790274
-1.23386262024663 3.34425664391425 -1.74073118181971
-2.14117085390183 3.12954312710261 -2.36657354799465
-3.14542448695205 2.67414434034686 -2.6959102623208
-4.11850045462379 2.05106504573265 -2.78224032573769
-4.91968429715262 1.24449882299589 -2.65246515148512
-5.54768563002393 0.391439104120004 -2.35578949638606
-5.93664203578864 -0.573948453598484 -1.94509454128431
-6.06553711240848 -1.54589280059775 -1.44642767460339
