-0.799669017200358 -4.41631349304225 -0.0597886447794735
-0.376629699137993 -5.23002171405824 0.80877631023759
0.374808715714607 -6.01111241756007 1.41565981792519
1.40151921019424 -6.6091002386529 1.71341821644455
2.57229040702805 -6.92267319111852 1.70378122263355
3.74330870626727 -6.92044926946983 1.42875624541193
4.79868307977449 -6.62219666613964 0.954566729429644
5.66625962516991 -6.07511194056133 0.354107884282712
6.31243241531774 -5.33182790508727 -0.302196104486939
6.72978837805567 -4.43731719750213 -0.94985150906723
6.92351666389732 -3.42617415456334 -1.52535301126773
6.90424267627532 -2.32755686010933 -1.95926483516814
6.6895106859738 -1.17976618697867 -2.17103159660473
6.31712736102054 -0.0450719413347542 -2.07737978495425
5.86394154949812 0.991522649361286 -1.62048743735068
5.44806820119265 1.88430364010856 -0.818887234199792
5.16563015180873 2.74397290853085 0.15222521906253
4.89505301788449 3.72151002433384 0.962968211213592
4.4038134359289 4.76477637997596 1.42455550451996
3.65929388842778 5.71809746004874 1.51104134641355
2.74946283170721 6.46039308590116 1.27481144684134
1.76846628222847 6.94273698126199 0.807787900615949
0.773137793235946 7.1646349413204 0.206587748252787
-0.214777623594273 7.14066600799561 -0.441314758732915
-1.19033792015398 6.87676063901745 -1.055117133772
-2.14094087376725 6.36970650311559 -1.55204007105203
-3.02630879235221 5.62296303396579 -1.84090278297663
-3.77329936390743 4.67606661643367 -1.83151289157104
-4.30555794516113 3.63107054395368 -1.46530712675303
-4.62852078903234 2.6270934707718 -0.755134813603945
-4.90922912157839 1.72961753432173 0.15247232146794
-5.27098704309901 0.82423432089854 0.96988707856508
-5.6344746814575 -0.22150305879768 1.49374417803483
-5.88849595421925 -1.38214305700967 1.66968109068694
-5.96954554319382 -2.56032732600579 1.53006823163014
-5.85711394873215 -3.67401786718983 1.14804791286588
-5.55194247805048 -4.6750297115068 0.603187108936254
-5.0587260768516 -5.53667579917237 -0.0340899946168065
-4.3796886667842 -6.23622270888882 -0.701760694035329
-3.51804257911863 -6.74475945922313 -1.33804938796675
-2.49182628944982 -7.02274966530968 -1.87599132454488
-1.34922476683278 -7.02917432785034 -2.23923186049797
-0.182160106080119 -6.74130002554739 -2.35265186458128
0.88087444199482 -6.17765943880659 -2.1581822715234
1.70323124720016 -5.42053766862955 -1.63531358167529
2.20410782296676 -4.61078308610013 -0.81691041495651
2.40450787375448 -3.88158388773445 0.208070362685248
2.38226865726756 -3.1963689175318 1.28370713343611
2.23376011161599 -2.33200470340671 2.19551500939997
2.06078842782881 -1.20126409624936 2.72307864495087
1.93353068904253 0.0520393039914779 2.72900910268072
1.88756964163622 1.20699594687903 2.22170786437346
1.9402024539886 2.11732120841043 1.33979937946424
2.13615466147894 2.81365578685654 0.281212674686685
2.58662234654184 3.44228430622024 -0.75043986790115
3.38871675450355 4.04669678985374 -1.54610961332219
4.50191309087677 4.50729567353847 -1.94345028122189
5.7478034189553 4.66964195389301 -1.88686383038294
6.89164045359939 4.44996791548328 -1.42923017556313
7.71646828285884 3.85914606414735 -0.703490410873201
8.07377836108208 2.98860428988701 0.113430141413119
7.90698423743015 1.98363880708348 0.832498141156975
7.26229406171478 1.01302055863198 1.28543685027398
6.28105040983064 0.231188547913916 1.35932046949165
5.15821707964642 -0.266722798987757 1.04179387853947
4.02179311716463 -0.488867861451581 0.477164882177021
2.81494496914092 -0.56373989029089 -0.0123449829407036
1.51518631668296 -0.619832136319019 -0.142567950591911
0.223334941198118 -0.688279502617661 0.0160717936814763
-1.07296427758411 -0.77278852526797 0.0603031242499128
-2.31959591287887 -0.854085216647945 -0.290335189027246
-3.43007412279258 -0.861251186404843 -0.944662358553614
-4.50941742962459 -0.684820068941917 -1.59157645591768
-5.61841302510584 -0.245719094527885 -1.97236126265489
-6.63795754982857 0.460993784945458 -1.97433808189817
-7.39236119354609 1.36291756469291 -1.60071924491785
-7.74077558517456 2.33724234922556 -0.935025364742614
-7.61302364157746 3.24114294821629 -0.112668559537269
-7.01973076618742 3.94192536995979 0.704993299965281
-6.04960672254674 4.3395131402649 1.35190739732934
-4.85906733328011 4.38843941653613 1.68302462057909
-3.64801844436442 4.11489705374697 1.60321054363158
-2.61265936569544 3.61846832127776 1.09541510051349
-1.8772826071945 3.03258851805003 0.243653109064326
-1.43200407264521 2.41804483579472 -0.781821873388253
-1.16043852909934 1.68143256526673 -1.77986848884029
-0.977829851501156 0.694999762868974 -2.54415622877423
-0.876764967688359 -0.512095487560146 -2.88466334342957
-0.866139564255718 -1.75600899639539 -2.69933653937187
-0.918525274202693 -2.825468207011 -2.03463106881827
-0.942741309932899 -3.65721490362193 -1.074391121394
