-6.24870465523109 0.920664817754893 0.00964383482070026
-6.57597174366265 0.0156964143647595 0.927802100569871
-6.68894049830954 -1.0487707423315 1.72433202393904
-6.56149216438317 -2.23347755595713 2.29826169292321
-6.16368088493466 -3.44770849351566 2.5414528572739
-5.47788600256166 -4.52077365140002 2.40498738241137
-4.59693620587318 -5.29239639125206 1.91848644193101
-3.63685294230477 -5.66225574561583 1.19802032878059
-2.68732344244389 -5.61416494306815 0.411125149469445
-1.85641457460676 -5.20721601200347 -0.334336220105087
-1.27651409391501 -4.50165248036383 -0.958192290450392
-0.923367368731303 -3.58030121119312 -1.31203634556273
-0.676849676737958 -2.57202012472075 -1.27645387874849
-0.497859239343892 -1.65602939597677 -0.871825811485868
-0.323858880012014 -0.947566126696605 -0.237021593114478
-0.109056820533545 -0.382216869660879 0.441614664936982
0.277098532226836 0.155112600631592 0.992957324995424
0.80728491422686 0.740242501004166 1.33556436775555
1.42753354583527 1.40344443926312 1.30427792356881
1.91211496393065 2.12742936177912 0.948853890215346
2.21173935760243 2.78257459922121 0.288469719865343
2.391001748216 3.42938934407106 -0.512736935344751
2.42302131076326 4.1767709197006 -1.33186433034832
2.24253348496091 5.09029993802644 -1.99582971005393
1.81251456597309 6.12261861926636 -2.30975926691271
1.15896608852248 7.09093728209682 -2.14701540736751
0.336046138749189 7.75712348781926 -1.57182886434222
-0.584179590908638 8.00227983543985 -0.799523680316392
-1.51085764560668 7.82550636975219 -0.0125353244386082
-2.31072128346416 7.27843370318232 0.70801258373111
-2.86257060378873 6.41616889663767 1.27091656720648
-3.05326656143544 5.34161020318364 1.55087733434721
-2.85322834270709 4.25456312435265 1.33950845997884
-2.40012333246963 3.36957865734596 0.685061687802429
-1.82775916858448 2.68225406962461 -0.219685108020885
-1.15048386408587 2.1248532643783 -1.20228172025116
-0.317407122692466 1.6393198278538 -2.05883314850931
0.669725994375893 1.12334791579612 -2.5517059217517
1.67236916915012 0.55754192637215 -2.54433685680735
2.51794068854826 -0.0092195917020854 -2.05561421998595
3.1594387421828 -0.590480634686851 -1.25313389606678
3.6190689390361 -1.24431241020067 -0.287160137486593
3.9351471300341 -2.03512809383164 0.666632383659282
4.06637203623398 -3.01619581244511 1.44864837773403
3.97737211229808 -4.14351389322663 1.95240479508728
3.63683468226207 -5.30243999420563 2.13481992157706
3.0615821147777 -6.36445985812189 2.01134031116269
2.30920102140501 -7.23697357580702 1.63472043056502
1.44659522749749 -7.87387991522775 1.0691859709987
0.533544506448176 -8.2606668822209 0.370191485892853
-0.372895729771371 -8.39038642540634 -0.428661671137998
-1.22090740694781 -8.25062213776141 -1.29139537162686
-2.02223124625883 -7.83645578832697 -2.1058727890196
-2.78971822055222 -7.14709923114533 -2.72805023412233
-3.51174934892506 -6.240773560656 -3.00584510315807
-4.10141405435836 -5.22716467854711 -2.89585227907374
-4.48144485674838 -4.21619298083248 -2.50013881730225
-4.62517149884331 -3.277580261828 -1.94927226947581
-4.55584626216371 -2.47665727915463 -1.29547889006495
-4.31991231125377 -1.86636494880754 -0.522624026043948
-3.94016371919837 -1.52650284150068 0.364610959781728
-3.47276091808874 -1.3874013842236 1.23770548317252
-2.91880918944871 -1.39963128999811 2.01341805979322
-2.18016937501695 -1.64071761446946 2.53159973327664
-1.30550863505244 -2.02786635155123 2.75287146522578
-0.394225631532173 -2.52770981743744 2.53438296524966
0.388308325849818 -3.06099589717185 1.93093217516917
1.01011709820739 -3.53571431520556 1.08668142647596
1.5678860000693 -3.89914274341525 0.153831282778738
2.17043213589023 -4.12466640836365 -0.761446019290631
2.91490852440011 -4.14512366956447 -1.57054253046688
3.78361983173469 -3.9206173916153 -2.19729352901533
4.69596604484268 -3.43158144446116 -2.55384494601762
5.51107212717404 -2.70310261045298 -2.60141584974237
6.09366582344944 -1.82833131183349 -2.32460301495447
6.42095957183369 -0.968370952112879 -1.77277129083351
6.52628388609971 -0.169394249473173 -1.0944079771931
6.48313941192659 0.586703381140105 -0.393851689603565
6.33414388695288 1.30807877580861 0.309030365102331
6.08665350971582 1.99830232250914 1.01496513729811
5.7068966528476 2.71936760976777 1.64615847468409
5.11985852568727 3.45748640750487 2.10390388667745
4.28818175023667 4.13834332563421 2.22502158182709
3.32030116805192 4.68938634957234 2.01945167481802
2.30684778300057 5.05102078706214 1.51887157623719
1.32279125168211 5.1705475740598 0.779265577295167
0.430824334822758 5.0937283615814 -0.132201080364088
-0.397988616465415 4.9109758338863 -1.1020232546909
-1.25493512465768 4.60875417359603 -1.96614770502177
-2.19708227363304 4.13081665633608 -2.55289230480857
-3.19841571551278 3.52053136805568 -2.72651636556541
-4.18594204190175 2.90498061635498 -2.45642067116435
-5.0421005076975 2.30708130109761 -1.80077953558967
-5.72750148895894 1.6726601333741 -0.928962933824163
