-6.3792645513664 -2.35681120836295 1.39667277352319
-6.31653028569474 -3.31374752504238 0.883056495063138
-6.09755904293183 -4.27459140564122 0.368875305133033
-5.82366040119478 -5.19985493154592 -0.176579548098725
-5.37199994827062 -6.03504397364974 -0.728451358970129
-4.90256457852614 -6.80283071619645 -1.30819875988181
-4.1685093304446 -7.40037553865302 -1.8296816785051
-3.36761705117948 -7.94089177909684 -2.30986970517035
-2.37515789278407 -8.27166377321143 -2.666163787412
-1.26716330741178 -8.27533989823942 -2.87399873934389
-0.154683873634056 -8.028611177618 -2.88949509480615
0.870699910231095 -7.55998254603965 -2.67885112354549
1.71449454532462 -6.89439775448892 -2.23369250882407
2.30873906970301 -6.0679503338524 -1.59513169410965
2.65443895475763 -5.12216452001513 -0.86633032306519
2.60550090472101 -4.13816423354091 -0.0898469654760569
2.25996100505892 -3.12215031857302 0.546212971247658
1.72297564207691 -2.09493569812458 0.879573977322943
1.18191461585669 -1.08530186613704 0.75648591308835
0.712512228413539 -0.152704125540705 0.217577304542102
0.295146285981196 0.751316591195646 -0.471198860011875
-0.114236359324773 1.66009575231667 -1.12174385300679
-0.636349088060298 2.69399750625248 -1.38604527109477
-1.2048604220391 3.77797067159825 -1.12967388088616
-1.69149122706832 4.77978225077767 -0.451671571521029
-2.26889677757056 5.62896338361978 0.385062652694535
-3.12335778446814 6.29763322241553 1.10557521310457
-4.20475805469511 6.80758864244618 1.50137279894923
-5.41765107213141 7.04225499301273 1.46309081667285
-6.61746063727888 6.84755933052536 1.02883441700733
-7.72306115570763 6.14412328515596 0.373053554945919
-8.29164960062797 5.23841895883467 -0.439192291455537
-8.36546642617188 3.98387269441629 -1.13741640058069
-7.91258370105882 2.77304137867349 -1.70118040688649
-6.97424539715148 1.93226478165696 -1.8513518916408
-5.86564641259302 1.40819255139948 -1.50253476379849
-4.78133429028066 1.12914490455373 -0.88626932973041
-3.71114744352818 1.16272849909732 -0.0908434646621365
-2.74005049999574 1.44212911040923 0.722471808475556
-1.76318529515811 2.04252177373796 1.30429044501273
-0.749815030582074 2.77856002962504 1.46681441293196
0.215515385619051 3.4887128201735 1.13967621353461
1.00071402599217 4.16036189415508 0.422753634882845
1.73514542925183 4.73673941831904 -0.466964954618835
2.59600104758211 5.24427432301303 -1.31792571635199
3.66955670284291 5.71554554799575 -1.912207909099
4.93090930358167 5.99253709718536 -2.04168468009346
6.17696382257297 5.90303621133072 -1.61986945826696
7.21554486009329 5.52999434230599 -0.887029365072375
7.81806136421495 4.89895372827664 0.0762250746145066
8.00705693991533 3.99525965937061 0.983908508792139
7.75581384445848 2.87162838461605 1.60263988395844
7.15904984061821 1.71996016707977 1.83371411526186
6.33945213785393 0.69947538631243 1.63763139113306
5.4354363766135 -0.0847391899969728 1.06045308894641
4.60523489923864 -0.511668593675076 0.0649971614458155
3.84515897538885 -0.751234205589587 -1.10961411266871
2.98251841155183 -1.03417212200041 -2.19485443565866
1.94786628109763 -1.51150953356687 -2.95685876532783
0.758343251758758 -2.14145137548186 -3.11927223260644
-0.340864636315838 -2.84269575044887 -2.71620601160002
-1.15794983064758 -3.5780023610935 -1.91036464188705
-1.58583622482959 -4.24910072488722 -0.830905803673441
-1.53871623818603 -4.85798482305351 0.323634661219026
-1.16072565438723 -5.50925624376993 1.34652382379299
-0.480580654528645 -6.184221487562 2.14193861145319
0.492991472318172 -6.76602563174888 2.6284096521608
1.68030448047771 -7.08572883618511 2.81913591260672
2.95283430927696 -7.17966821912639 2.76482010325136
4.18323363833849 -7.0562777386244 2.44354839417692
5.200618248568 -6.69327880503575 1.81428351679415
5.98205349844831 -6.13764202785286 1.08198779441115
6.54446944821462 -5.43144469221965 0.353274453067346
6.99450432864905 -4.64534916075531 -0.348003623377754
7.30140299671399 -3.79574473313269 -1.03751570210848
7.40027255893292 -2.81712084598216 -1.63351112712062
7.29705530055281 -1.7590760842215 -2.08819770561512
7.13259757213768 -0.657486665373293 -2.32553014179841
6.7709542835885 0.407173616023575 -2.35985434036418
6.23123333099994 1.35631754296103 -2.07501464329492
5.69355219072998 2.08465856214282 -1.34089728238467
5.16190221570634 2.79982169819725 -0.46793370154385
4.6265054857155 3.60574248592067 0.411794781961203
4.10797499358971 4.54403068409129 1.16083940436138
3.54788105022803 5.60450981243314 1.5885909185263
2.9032008680375 6.63607919277912 1.64370597078388
2.22367619348157 7.53462058098555 1.32368075742511
1.51330546241386 8.22142219271233 0.694218847318195
0.656567874433151 8.61417816409525 -0.0566486238168416
-0.287548311020329 8.69988535449194 -0.902063732834995
-1.3252485286341 8.4948689382619 -1.68363673203983
-2.41368736656198 7.96738942260922 -2.20706226106232
-3.42393069111528 7.17455259148445 -2.29572523552299
-4.19010092381011 6.2792406381548 -1.8147054914092
-4.65071272278591 5.42844644846881 -0.946490258239188
-5.01236145503117 4.60775182323275 0.00763789901225572
-5.36568403194446 3.77959827701868 0.908015009596799
-5.66693695028733 2.85298986223803 1.61382633493144
-5.88551892621383 1.80660482617645 2.01364865453524
-6.0369912263934 0.731786040655899 2.1280811427762
-6.20946062193989 -0.338275330287492 2.01312365372058
-6.32953439418624 -1.36020805732624 1.74260971584605
