-5.62446768980548 4.66675974524202 -0.448983966131585
-5.90269433333289 3.82459748772682 -1.36667616470254
-5.86413765493536 2.81703462494023 -2.1640153202705
-5.43518090915934 1.71285100754394 -2.5926156261707
-4.69751296283545 0.706210204852977 -2.38236373761559
-3.95900367913261 -0.117374488036091 -1.780063881785
-3.31309952151666 -0.849397574274397 -0.983902513733321
-2.84901998877652 -1.57096124000062 -0.0535218855547828
-2.51970252315896 -2.41378342812963 0.817718624855057
-2.17354699407589 -3.41978540739756 1.43736998468607
-1.67781620090588 -4.49442375513223 1.69194543288894
-0.9907237373843 -5.47092977134791 1.56345454396445
-0.148021294380159 -6.18906412041004 1.10687478738191
0.77136547393717 -6.53460909537499 0.42271071700425
1.67054088302095 -6.45185238069791 -0.366122658424324
2.43792493466627 -5.9549982019356 -1.15909653491416
2.93963306375797 -5.14715919249921 -1.9585747801846
3.34488009874008 -3.99322886129459 -2.36321439483763
3.49461707474483 -2.7468938314146 -2.28678385266976
3.46041588679324 -1.62871531281518 -1.68138673165999
3.42436537613367 -0.674285178005177 -0.764934768710271
3.57269670278239 0.236623735452864 0.226791642526862
3.83270696630769 1.16028012776859 1.14715999750149
4.13123531559462 2.26328933543916 1.68376071277275
4.27647469319254 3.4712136226251 1.77284946063903
4.1621125576997 4.6366722119902 1.43461201377569
3.74616527436527 5.63757565201073 0.852898364358673
3.07144307702258 6.32023465577345 0.0130669565374998
2.18481199328674 6.62609440288724 -0.882335081101951
1.20851864839055 6.56716573516227 -1.70504167187136
0.272866000776685 6.0822309537096 -2.39556652871406
-0.671731085041136 5.3541049659986 -2.78924876478627
-1.54665038423231 4.43286363155874 -2.58323335200064
-2.16113095532601 3.58530173902256 -1.66802804897098
-2.69014678694361 2.83542563079048 -0.545292493256487
-3.3032660473053 2.15180655236594 0.535426661494696
-4.02716990583126 1.46145011395295 1.43121274037915
-4.83383234233524 0.628337592856632 1.96927223212878
-5.56868375479468 -0.377335347635361 1.89717301906759
-6.04195724128287 -1.41429038809089 1.27364805198756
-6.13317391897498 -2.37678957771697 0.354369060124484
-5.74255083852168 -3.24718530373577 -0.528843250579255
-5.05454327401885 -3.88539822749787 -1.38793389778499
-4.0679888434625 -4.21064895598473 -2.12100470780387
-2.92073873369699 -4.23746734423168 -2.61241780077096
-1.70370939539209 -3.99598131156847 -2.49966022871954
-0.642351775067158 -3.63203004954976 -1.78529138465571
0.217944912219695 -3.30159067707751 -0.738378808249967
1.05263949307042 -3.09950363332813 0.3415316712774
2.00998949135385 -3.03288675019505 1.24857951840804
3.1364765562905 -2.97096184792094 1.84245243051796
4.35263921433553 -2.76840938279705 1.97511190881189
5.4815820943366 -2.35890346060583 1.64629475560643
6.30632527073068 -1.74590990947385 0.924974103720711
6.78302052543529 -0.966664386149731 0.0610606767593413
6.83283062474081 -0.0956869020371296 -0.8417376189033
6.44912680873288 0.768659349742498 -1.6805470401142
5.71193639895112 1.52460471037944 -2.37623895139484
4.66188965605346 2.15205944910027 -2.54890976268757
3.50289027846093 2.55360942831954 -2.25149697829755
2.52442836192286 2.86972348949238 -1.44094660832628
1.69295650206866 3.1610195286981 -0.419803808217248
0.965350372463673 3.54676061945373 0.665101524384758
0.156225783547153 4.05313748364071 1.60158235847035
-0.779387817037241 4.67348379231857 2.21607848988157
-1.90193874516087 5.20188966589722 2.30224182485303
-3.07872036298311 5.51669830201675 2.00602377461909
-4.13082097743077 5.54564237567625 1.30616851696742
-5.04834545049893 5.25914640263799 0.48728906549985
