-0.996800168563282 -6.14239064848196 -2.56768462458049
-0.166035198491781 -6.81031535825931 -2.84925555301747
0.850989649933923 -7.21086699484924 -2.86033295447302
1.90801697165856 -7.39680483373729 -2.65771175519038
2.9404032480432 -7.30971912297657 -2.31542295646166
3.87358310209777 -6.95937809648693 -1.89205324437643
4.64556292370495 -6.38499245851874 -1.4325254274463
5.21890983454229 -5.63361088218292 -0.980743130773776
5.55202670375964 -4.7707065622142 -0.537879357619501
5.66148232545681 -3.86449583141862 -0.109895403100365
5.6343700150166 -2.9817667533662 0.336374360587294
5.52578365746866 -2.12539718183261 0.796421602623705
5.3635214769859 -1.30217570883038 1.27359988694568
5.11549872050367 -0.513430479857072 1.73546264655522
4.74385044139186 0.208253329819976 2.15701494898654
4.20617613742893 0.867454385458935 2.42876275362364
3.55765197243813 1.48631297136472 2.42695264447608
2.92315845337254 2.09811738123056 2.05729449409191
2.27921316591519 2.61199855929578 1.34648058543975
1.67692193745624 3.14426143619543 0.409782488072825
1.09827500026963 3.75606266355996 -0.606508618529017
0.454488074807922 4.51978925359285 -1.4769408123546
-0.280793741376564 5.42036413323773 -2.01931046134932
-1.07328398716646 6.30645460108894 -2.2198644370931
-1.95875029695506 6.94347862502828 -2.00844274577215
-2.83143283625202 7.15324499077558 -1.42369319895259
-3.58844336729641 6.96976920481945 -0.662517918619175
-4.17072686536486 6.45955491567468 0.130354576820954
-4.49464859439697 5.6493487084188 0.823586196365781
-4.55266376230695 4.65596935518385 1.29776349472241
-4.35296141626305 3.61911540016929 1.47585276973044
-3.91802117799923 2.64699669201045 1.25385074577137
-3.32173706513543 1.81772376067325 0.712345544304851
-2.6018638037957 1.17253090436734 -0.032908207995337
-1.83141520294807 0.654045880521189 -0.852338095222743
-1.02374916287779 0.091106705925776 -1.52932754124161
-0.193401924527715 -0.610116211523361 -1.84821292652879
0.5949143375589 -1.3603647042295 -1.66795275241629
1.20064033972319 -2.09666845430868 -1.04975089895047
1.52255946377569 -2.87960809258588 -0.218475232962793
1.65214376696803 -3.7153018917053 0.633541312494734
1.50753559391707 -4.59284918449929 1.38936694874927
1.00908963769677 -5.42438388174358 1.94941104404861
0.157225325405463 -6.08581950885199 2.21928983688965
-0.940235121029527 -6.43139813953916 2.22796089219743
-2.09091196476071 -6.52401897386181 2.02331229054788
-3.17438111268319 -6.36160955525316 1.62416831021008
-4.11495234864349 -5.92833773700001 1.10495844900812
-4.8472933429171 -5.24449283273105 0.521780652467748
-5.40308568563674 -4.41741546952324 -0.0728936513019788
-5.80059591978885 -3.51348572707482 -0.661847887168696
-6.04370125971034 -2.56066821343807 -1.22027482421137
-6.12373224002938 -1.57974750998528 -1.73350606004387
-5.99761374692852 -0.573589404997292 -2.15970310103252
-5.59402928798206 0.411089968207383 -2.45293438520111
-4.95287905402396 1.33085987595321 -2.5623074001198
-4.15212887150214 2.14235083369002 -2.43439716332011
-3.28252227919061 2.77397556956409 -1.97585430423073
-2.42177182843292 3.23598948842007 -1.23321243315876
-1.59213076216972 3.6128901629486 -0.340708519404751
-0.778611872696442 4.06225374622457 0.521318423800013
0.0770088702308056 4.69245801409262 1.124840786505
0.928743711417721 5.47465528892136 1.31610683389927
1.82252191744309 6.16229716610189 1.09924178674309
2.78029921271848 6.54775028244269 0.610996701648
3.70627787540396 6.50520334383648 -0.024533653900278
4.41960197656021 6.0812140765044 -0.720376485466686
4.73358449122646 5.27760284243029 -1.31789368837652
4.55646875585129 4.25855957866858 -1.63000762602627
4.07252130848934 3.23206085036264 -1.61796108928765
3.37266160821112 2.33090291870892 -1.29591198705161
2.60867062981711 1.54949842808431 -0.728742206964286
1.90660532569237 0.889973671345062 0.0634939367755009
1.21983474523974 0.317409544936873 0.880742999048006
0.48944130890114 -0.300739400476075 1.4719407510455
-0.298476199118822 -0.982891899290314 1.62544953159677
-1.00185872792908 -1.72899320256578 1.22179186978438
-1.49711533547217 -2.54041935462029 0.481206200180652
-1.75276055597893 -3.42300329152042 -0.394594812632146
-1.77344677141671 -4.3538617993891 -1.26287056266271
-1.53430405726801 -5.2878662094257 -2.01448435663187
