-8.39197882313297 -2.19886816112462 0.961180292725962
-8.39532143646554 -2.95726072339135 -0.019439411072831
-8.00234918640567 -3.646069184485 -1.00608857861354
-7.18054722777132 -4.19229367751837 -1.87457457423265
-6.0121632241197 -4.53925022705414 -2.45339417712341
-4.63738109491823 -4.6123540178251 -2.5074081504765
-3.30418540669922 -4.53750882729791 -2.08324625120131
-2.15889374164384 -4.47321014113207 -1.29084644589185
-1.24621084103396 -4.60179966049252 -0.293251047033969
-0.500043746399702 -5.02153000583606 0.69401610907118
0.195718383498007 -5.61951234513957 1.5313900124374
1.04498332395765 -6.33513808791257 1.98968143363879
2.1031774949468 -6.94985851712876 1.97369820571895
3.25434818243964 -7.26436187463748 1.52100010200076
4.29217747999899 -7.1986994720887 0.700423177697831
5.05736192997286 -6.72554928304353 -0.323381719914908
5.57291026053303 -5.87114277448019 -1.26789111161855
5.76845247682412 -4.70703770666747 -1.94651199377891
5.68692524237228 -3.37199119212719 -2.1288651024163
5.3680707458939 -2.10122855526368 -1.75073598344399
5.12572920303954 -0.988930178589747 -0.944555538759052
5.10242524639598 0.0146791162851675 0.0569480415309929
5.37873672632071 0.980379203441983 1.04323601001347
5.93394356930431 1.96866901807942 1.78647491262902
6.47431174780912 3.10640921828455 2.04202362841361
6.75079406632127 4.28042535749841 1.76441092571796
6.74422475834416 5.24281786296062 1.01207477633162
6.48043613282334 5.95570254915183 0.0616124362630137
5.95583615123416 6.47543374886127 -0.888361718070747
5.14487239198289 6.67549847566467 -1.72766609018042
4.11312893024068 6.48431554650547 -2.28679958317972
2.96497507291302 6.0510200048135 -2.40979622114228
1.85449408998171 5.47863015407934 -2.09129774614594
0.853934863583804 4.96539972817229 -1.39055487357616
-0.065276351437457 4.7532496074263 -0.434071852250438
-0.975727824349714 4.93856923114363 0.557433279251065
-1.92593922572614 5.35660920739256 1.43198408574344
-2.98933993632347 5.80742100782703 2.07329284071606
-4.24038029803626 6.05910245241275 2.17787075832777
-5.46347923255802 6.06198956074886 1.76097501837765
-6.52125302336855 5.80132055443244 1.03567526842189
-7.30377847656889 5.24578650421215 0.149563185249203
-7.70789602340542 4.47685017619467 -0.83794931092844
-7.685471031893 3.54364253133426 -1.78493142530493
-7.22064814117974 2.50579548721652 -2.48752331397771
-6.43718433134489 1.46358025126348 -2.74242837678016
-5.48520606324546 0.587410072611013 -2.43847580161286
-4.6379000973004 -0.128309624240979 -1.66936789662827
-4.08332025976419 -0.870101212736177 -0.64544696271735
-3.84215802571488 -1.70371028502586 0.454575612599511
-3.87090745871584 -2.69553837832742 1.43567885111642
-3.97311338860794 -3.90513575123259 2.06008491486192
-4.0669303016193 -5.21546351027117 2.18393786269989
-3.95658531374464 -6.42888047459113 1.84437606320485
-3.57221559562547 -7.38773636615789 1.17965108422571
-2.92665560536344 -7.93017284512633 0.252467268894983
-2.11080590997749 -8.1327917351746 -0.749275954151228
-1.20021561437178 -7.92374123090997 -1.71125298006949
-0.246207022527713 -7.34067689939358 -2.43167479343937
0.657701022334137 -6.42227747476349 -2.63858022496517
1.43874893721738 -5.41214484363773 -2.35295354805426
2.06812657444403 -4.50653080824136 -1.61223262070119
2.62528487552415 -3.75914534503721 -0.628899796043754
3.23191664751851 -3.22607576563459 0.473594868916668
4.0440504733573 -2.90583515672159 1.51267973248063
5.13640276178556 -2.63795803835164 2.22469271202006
6.38229421539059 -2.2764170405394 2.39824834018961
7.52805591691223 -1.76832902773377 2.05456527121317
8.36247943664432 -1.09315580780576 1.33527673260757
8.74624651331746 -0.312619168626707 0.408375800765508
8.6249382117142 0.458721628350391 -0.545452106200001
8.12224391049307 1.20846892402095 -1.33502814061456
7.22699270830935 1.88188729205546 -1.78322953195987
6.12387399809349 2.49545806096584 -1.77787938870047
5.0332852247266 3.07633002760799 -1.35912727314527
4.10743748352132 3.62531665969467 -0.581482398566264
3.4318004394589 4.2875228044473 0.366846214379766
2.85303128029856 5.11483479991484 1.21708742827135
2.28224957351908 6.11672220457786 1.76068690933661
1.66931532735205 7.18118101435679 1.79059891208765
0.913140459614638 7.96624638676416 1.24270475809649
0.112574463011168 8.31712425962688 0.350008576637473
-0.676445720444702 8.31178413031401 -0.640700864614725
-1.42611850083299 7.83218161147559 -1.52531609093924
-2.07214455767444 6.98204373573206 -2.13318104724049
-2.63344948415112 5.90073106441707 -2.13224050299437
-3.06606841416233 4.79515810253707 -1.70985113466217
-3.48737567233514 3.77180563559443 -1.00282219028616
-4.00435644052816 2.87996255072979 -0.130698963899451
-4.66833254320374 2.13386672562272 0.804885118479534
-5.49504647643124 1.40718820262149 1.60792783131605
-6.44610858500551 0.606442092386088 2.11202869344161
-7.34439722677884 -0.345240494348485 2.17870654427604
-8.0530460635495 -1.31006438626407 1.75869773133243
