0 1 0
0.06279051953 0.9980267284 0.02506664671
0.1253332336 0.9921147013 0.04973797743
0.1873813146 0.9822872507 0.07362491054
0.2486898872 0.9685831611 0.09635073482
0.3090169944 0.9510565163 0.1175570505
0.3681245527 0.9297764859 0.1369094212
0.4257792916 0.9048270525 0.1541026486
0.4817536741 0.87630668 0.1688655851
0.535826795 0.8443279255 0.1809654105
0.5877852523 0.8090169944 0.1902113033
0.6374239897 0.7705132428 0.1964574501
0.6845471059 0.7289686274 0.1996053457
0.7289686274 0.6845471059 0.1996053457
0.7705132428 0.6374239897 0.1964574501
0.8090169944 0.5877852523 0.1902113033
0.8443279255 0.535826795 0.1809654105
0.87630668 0.4817536741 0.1688655851
0.9048270525 0.4257792916 0.1541026486
0.9297764859 0.3681245527 0.1369094212
0.9510565163 0.3090169944 0.1175570505
0.9685831611 0.2486898872 0.09635073482
0.9822872507 0.1873813146 0.07362491054
0.9921147013 0.1253332336 0.04973797743
0.9980267284 0.06279051953 0.02506664671
1 -1.60812265e-16 -6.432490599e-17
0.9980267284 -0.06279051953 -0.02506664671
0.9921147013 -0.1253332336 -0.04973797743
0.9822872507 -0.1873813146 -0.07362491054
0.9685831611 -0.2486898872 -0.09635073482
0.9510565163 -0.3090169944 -0.1175570505
0.9297764859 -0.3681245527 -0.1369094212
0.9048270525 -0.4257792916 -0.1541026486
0.87630668 -0.4817536741 -0.1688655851
0.8443279255 -0.535826795 -0.1809654105
0.8090169944 -0.5877852523 -0.1902113033
0.7705132428 -0.6374239897 -0.1964574501
0.7289686274 -0.6845471059 -0.1996053457
0.6845471059 -0.7289686274 -0.1996053457
0.6374239897 -0.7705132428 -0.1964574501
0.5877852523 -0.8090169944 -0.1902113033
0.535826795 -0.8443279255 -0.1809654105
0.4817536741 -0.87630668 -0.1688655851
0.4257792916 -0.9048270525 -0.1541026486
0.3681245527 -0.9297764859 -0.1369094212
0.3090169944 -0.9510565163 -0.1175570505
0.2486898872 -0.9685831611 -0.09635073482
0.1873813146 -0.9822872507 -0.07362491054
0.1253332336 -0.9921147013 -0.04973797743
0.06279051953 -0.9980267284 -0.02506664671
-3.216245299e-16 -1 1.28649812e-16
-0.06279051953 -0.9980267284 0.02506664671
-0.1253332336 -0.9921147013 0.04973797743
-0.1873813146 -0.9822872507 0.07362491054
-0.2486898872 -0.9685831611 0.09635073482
-0.3090169944 -0.9510565163 0.1175570505
-0.3681245527 -0.9297764859 0.1369094212
-0.4257792916 -0.9048270525 0.1541026486
-0.4817536741 -0.87630668 0.1688655851
-0.535826795 -0.8443279255 0.1809654105
-0.5877852523 -0.8090169944 0.1902113033
-0.6374239897 -0.7705132428 0.1964574501
-0.6845471059 -0.7289686274 0.1996053457
-0.7289686274 -0.6845471059 0.1996053457
-0.7705132428 -0.6374239897 0.1964574501
-0.8090169944 -0.5877852523 0.1902113033
-0.8443279255 -0.535826795 0.1809654105
-0.87630668 -0.4817536741 0.1688655851
-0.9048270525 -0.4257792916 0.1541026486
-0.9297764859 -0.3681245527 0.1369094212
-0.9510565163 -0.3090169944 0.1175570505
-0.9685831611 -0.2486898872 0.09635073482
-0.9822872507 -0.1873813146 0.07362491054
-0.9921147013 -0.1253332336 0.04973797743
-0.9980267284 -0.06279051953 0.02506664671
-1 -1.836970199e-16 7.347880795e-17
-0.9980267284 0.06279051953 -0.02506664671
-0.9921147013 0.1253332336 -0.04973797743
-0.9822872507 0.1873813146 -0.07362491054
-0.9685831611 0.2486898872 -0.09635073482
-0.9510565163 0.3090169944 -0.1175570505
-0.9297764859 0.3681245527 -0.1369094212
-0.9048270525 0.4257792916 -0.1541026486
-0.87630668 0.4817536741 -0.1688655851
-0.8443279255 0.535826795 -0.1809654105
-0.8090169944 0.5877852523 -0.1902113033
-0.7705132428 0.6374239897 -0.1964574501
-0.7289686274 0.6845471059 -0.1996053457
-0.6845471059 0.7289686274 -0.1996053457
-0.6374239897 0.7705132428 -0.1964574501
-0.5877852523 0.8090169944 -0.1902113033
-0.535826795 0.8443279255 -0.1809654105
-0.4817536741 0.87630668 -0.1688655851
-0.4257792916 0.9048270525 -0.1541026486
-0.3681245527 0.9297764859 -0.1369094212
-0.3090169944 0.9510565163 -0.1175570505
-0.2486898872 0.9685831611 -0.09635073482
-0.1873813146 0.9822872507 -0.07362491054
-0.1253332336 0.9921147013 -0.04973797743
-0.06279051953 0.9980267284 -0.02506664671
