-5.20990962416627 -1.9874164452587 -2.65338324213105
-5.26450380773346 -3.25424266640598 -2.29410795398911
-5.0819755724799 -4.38653527660168 -1.70063397431858
-4.80395104255362 -5.28215262149731 -0.961272938022491
-4.37180486162528 -6.0541453558363 -0.155011853592461
-3.74025337170089 -6.55977916016027 0.557839625788617
-3.01046279503721 -6.97338589685931 1.20498946881239
-2.02990576216758 -7.22143746299336 1.57043074976192
-0.987936915918398 -7.21570026663384 1.6453491958901
0.0620700513241716 -7.04531466460022 1.45984023005251
1.00939034995094 -6.54924518850756 1.01742868209856
1.78269714761774 -5.6435528690267 0.422110161724364
2.03059429164948 -4.45103305896015 -0.243878469513329
1.76764886964733 -3.26128036481535 -0.809230039050199
0.877990840840131 -2.18889335409264 -0.949381334623617
-0.14066042515129 -1.3387746246596 -0.602883327640974
-1.21495875172133 -0.731610809347311 0.0817278350681425
-2.32571560793378 -0.315257172904188 0.929177802890833
-3.43584516495069 0.145130902504081 1.89119479219981
-4.61309380936675 0.920586329669341 2.43443455953661
-5.53969157842772 1.99437741580281 2.2807202817744
-6.08606643608988 2.92249873764829 1.51126592486328
-6.16150318955652 3.49538469774454 0.368358122369181
-5.66689791938947 3.89716274583521 -0.723197725145812
-4.70297445523457 4.21607352869283 -1.44821733602215
-3.50904070161636 4.38228584129386 -1.76694180523874
-2.23496492992995 4.34435310537728 -1.55397844555388
-1.15184614615924 4.31834110553962 -0.663425120130384
-0.293298408165743 4.45132015462089 0.656226002794984
0.628813175588615 4.97889172224819 1.89142807744042
1.81244323903103 5.94337682640286 2.11835822932754
2.91607161794934 6.7361578439898 1.35254250545691
3.79264149699714 7.15635903563646 0.171972738048685
4.48803747590379 6.8599621401934 -1.06733965347894
4.93729829174439 5.88477029691572 -1.97973377617767
4.96794778980271 4.45732617126369 -2.15071978005641
4.75087254249966 3.1678616942832 -1.68755610092815
4.59471224846529 2.17179289536127 -0.808833467526957
4.62326260602602 1.23173798850704 0.138329773948275
4.94796042368008 0.285284015275837 1.02313039343089
5.41032501907021 -0.70841015035324 1.79216043432812
5.85684900286263 -1.74147071082977 2.14376653426532
6.04624927870494 -2.86191908971861 1.98101075260557
6.01486293860067 -3.96711595388499 1.44844428663189
5.7576993399335 -4.91200520303562 0.612021284603082
5.3295370397099 -5.68045221076758 -0.346761230112037
4.81468853026555 -6.20422968916161 -1.3558505128945
4.12089166055658 -6.56302672602764 -2.30423112255118
3.12776216676701 -6.72488336777583 -3.20626443722446
1.86586104356196 -6.72294396602673 -3.73638580761006
0.588818132968022 -6.54150729027479 -3.80892897823229
-0.669154438698174 -6.24013317455434 -3.34438983909885
-1.64297728850059 -5.80617752639699 -2.42771071127563
-2.17527139604363 -5.12344030488546 -1.26436517569245
-2.21901061507175 -4.28118616627455 -0.00814029260415345
-1.88224372690665 -3.47581919237809 1.20278078337674
-1.11368131077324 -2.79353072086997 2.08283531994019
0.0351054473194998 -2.17835447934579 2.33835801365007
1.14739022599529 -1.72810992894363 2.01669929508549
2.09623646538065 -1.55866774338399 1.24445352257684
2.9443289542877 -1.52985138772481 0.145600477897722
3.6959250452312 -1.46906502520605 -1.1767666064456
4.71089733906333 -1.17575489727373 -2.19746674460966
5.8079950431196 -0.53240222657313 -2.55128984623286
6.84651915792592 0.195683523350339 -2.1115886073816
7.5051059017313 0.990198762105137 -1.06538456621052
7.61336270537634 1.90312053397179 0.0534024811361978
7.2822228719893 2.71409037425523 1.07630051858091
6.47538501698873 3.3401411667105 1.70883452213313
5.21098655375599 3.78248224289937 1.91255103522939
3.94369208808531 3.92458161894962 1.48710259935796
3.06733350640706 3.94366471896663 0.40598932423661
2.32370744460192 4.35977478011693 -0.73587016950425
1.69040281219263 5.13827635798512 -1.81151692509069
0.915917198255739 6.13397299639959 -2.19099492622174
0.0616276163390306 7.01684547078149 -1.69161895741844
-0.909674890094085 7.50973972837393 -0.982844290887721
-1.78007498950895 7.40656461040723 0.118908949125519
-2.50035458532604 6.7187170381767 1.36093642816798
-2.78653771245733 5.48532606069003 2.26971687638622
-2.81409683937965 4.10155240055528 2.17421279265886
-2.89051423623639 3.11906538818494 1.0487057256226
-3.16436601913708 2.3344928615436 -0.282433620999821
-3.59585040456183 1.46070004314215 -1.41396473593569
-4.30265316378574 0.596168061054655 -2.3208952760682
-4.88913277910823 -0.632207245101549 -2.72504011479733
