-6.55844654188151 -1.72077705555865 -0.452738261189299
-6.27114927744542 -2.70918809777358 -0.991528091407889
-5.80964462220977 -3.65131604257382 -1.48787057459415
-5.16640107275515 -4.52559447829488 -1.89842279498437
-4.33818716786278 -5.30553536536693 -2.14010528449101
-3.35327341805547 -5.94347059985352 -2.12477315860771
-2.28632864934785 -6.3859818969271 -1.80451013275902
-1.22932216499973 -6.61180705416008 -1.19853120003092
-0.239848004990632 -6.6587402813307 -0.377693929872871
0.697941012756552 -6.60287081272585 0.55147643612508
1.66055288788542 -6.45486786625554 1.43616748729194
2.67159378383832 -6.16242684402752 2.15137811157711
3.70266619333478 -5.6935235896575 2.61587070647766
4.69840392118787 -5.06825321221669 2.77201385375192
5.58491519234781 -4.3385102437223 2.6032497670993
6.2808322252471 -3.55447605245717 2.1290205315779
6.73896768322598 -2.75326340226727 1.43117723933114
6.98703886953558 -1.92701409163438 0.641868979482332
7.0586758089988 -1.0244830029291 -0.110899092199488
6.96013296178408 -0.016316723170458 -0.721264802019213
6.69777534830062 1.07997045895316 -1.10556994664002
6.28278016495535 2.191711856456 -1.2885037764959
5.71408319961225 3.25523931696178 -1.31201517569505
5.01002643079967 4.22916453325488 -1.17588359277037
4.21826895625756 5.09665671414481 -0.860100425675325
3.39957104817994 5.87259373639154 -0.374481944576311
2.59570317510095 6.59035307130946 0.231859235181332
1.81034024352234 7.27049757293336 0.891320965346987
0.990484273389754 7.89236983293236 1.53417063396346
0.0637132897404599 8.4369153643784 2.05861965540535
-0.999814108506513 8.89611689659145 2.3168712327472
-2.14855267438173 9.20620298150807 2.20031513517096
-3.27613612971103 9.27679030595102 1.73226661473845
-4.26462688608455 9.08247488377614 0.979199588422388
-5.00936408550635 8.63853882268051 0.0284907059717123
-5.44377138450049 7.96544447735018 -0.991932847259524
-5.54181344570325 7.08548928732265 -1.92202254094673
-5.32823211967791 6.02782562235482 -2.55737776087901
-4.86146227808054 4.90078580506855 -2.66575511220801
-4.25583088219325 3.93118076912463 -2.19163787690098
-3.46795934930248 3.29440375122928 -1.35292095822933
-2.6229053037443 2.86304626573075 -0.360281602595256
-1.7327745493344 2.5280023708339 0.642253233241105
-0.732001266502351 2.16145692652267 1.47690755459155
0.330357573096026 1.6070371508819 1.95480468137219
1.27286059887924 0.927109733808827 1.86812121047277
1.94219790006911 0.196182110368 1.1706634398278
2.19316135059157 -0.501144594503535 0.117258560603564
1.94951332248407 -1.18189995119931 -1.00185906770304
1.29808145078663 -1.76768089845123 -1.95807656203778
0.332086900611075 -2.38409795082309 -2.39959674762222
-0.658053277342856 -3.015056629436 -2.12544155332141
-1.39649600296427 -3.6486398124505 -1.30868372764578
-1.86960797531941 -4.29035040552361 -0.25433952395401
-2.13027595779597 -5.06840346481077 0.777812019578583
-2.19864424192047 -6.065379478417 1.56656455689614
-2.05982327958714 -7.22453088603898 1.91491877385749
-1.69555983885225 -8.3305295670324 1.74144761085417
-1.10279799617581 -9.13650492251348 1.16530262642257
-0.298906983076356 -9.50876035004768 0.446365815807517
0.635934785448715 -9.42447001811535 -0.184099061348319
1.54913521368531 -8.92609060246385 -0.608742633463584
2.28748576236474 -8.10341684745334 -0.785301738231136
2.71617343930569 -7.07041589279806 -0.756020565008731
2.73889436601071 -5.95367982755292 -0.593558982905034
2.40348220581448 -4.88269904185359 -0.349101783439761
1.81644753314434 -3.90347718023204 -0.0844982521448926
1.06985356645781 -2.96810551790741 0.0872118360074271
0.261545580843968 -2.00393570677067 0.028638701377501
-0.46658305506324 -1.0020135708971 -0.27348060005153
-0.706516934410659 0.103104813695814 -0.718963884362404
-0.306146465935415 1.21242252056748 -0.983867998006941
0.599148474383677 2.1067094793172 -0.795074660461896
1.57907094807231 2.71247977547225 -0.177879731149892
2.44437943725763 3.17431714928567 0.689348671606556
3.24884382715664 3.61829568098201 1.59376327997945
4.0459971506713 4.20378499700904 2.33576085655026
4.66858828519035 5.02713688512368 2.78200383939981
5.09241943471495 5.9741731423175 2.79002440487695
5.35345692704593 6.95997625125754 2.39973329251444
5.47835153680602 7.81994346317186 1.6753882979035
5.25451393930416 8.45478235742751 0.735065959421969
4.72600883271703 8.82767638871464 -0.264263732186572
3.88462247574893 8.94396295611662 -1.15058098659714
2.78840226185141 8.87271692310443 -1.77395495909817
1.55199374479492 8.65613761718727 -2.0645782961961
0.298303063099379 8.30582298056842 -1.99681260924678
-0.863610260355453 7.84010132780611 -1.59090896607741
-1.89287125628488 7.306768788202 -0.939357791053502
-2.82940253992831 6.7361536231726 -0.171292498015429
-3.73399339508944 6.12220834857887 0.579801331834779
-4.60375273139312 5.40945153526225 1.19159331168454
-5.37183354793205 4.53808365285987 1.57352155036068
-5.95238245695897 3.51761431817321 1.68208083524394
-6.32295934561903 2.43091301420412 1.52194567451377
-6.54881029184044 1.35821538172083 1.15120142042801
-6.67570828399755 0.315837868186473 0.656888431208457
-6.6857916837558 -0.707000159643587 0.103255991676742
