0.118448 0.088611 4.438318
-0.897491 1.221483 4.457761
-1.877042 2.432287 4.333200
-2.813103 3.698087 4.068926
-3.702502 4.994280 3.669958
-4.545768 6.295105 3.141888
-5.346656 7.574206 2.490925
-6.111403 8.805223 1.724071
-6.847948 9.962385 0.849454
-7.565080 11.021083 -0.123310
-8.271599 11.958403 -1.182750
-8.975559 12.753669 -2.315272
-9.683625 13.388926 -3.504987
-10.400530 13.849402 -4.733714
-11.128702 14.123914 -5.981107
-11.868054 14.205230 -7.225037
-12.615928 14.090343 -8.442014
-13.367217 13.780661 -9.607833
-14.114612 13.282125 -10.698267
-14.849033 12.605159 -11.689839
-15.560105 11.764538 -12.560568
-16.236708 10.779078 -13.290717
-16.867619 9.671206 -13.863450
-17.442053 8.466360 -14.265348
-17.950228 7.192277 -14.486835
-18.383801 5.878165 -14.522376
-18.736198 4.553779 -14.370558
-19.002831 3.248468 -14.033977
-19.181131 1.990177 -13.518941
-19.270477 0.804474 -12.835097
-19.271967 -0.286252 -11.994883
-19.188097 -1.263593 -11.012958
-19.022350 -2.113666 -9.905589
-18.778763 -2.827455 -8.690049
-18.461433 -3.400964 -7.384014
-18.074137 -3.835124 -6.005147
-17.619938 -4.135380 -4.570692
-17.100924 -4.311121 -3.097255
-16.518032 -4.374911 -1.600705
-15.870992 -4.341470 -0.096231
-15.158281 -4.226725 1.401486
-14.377139 -4.046640 2.877942
-13.523409 -3.816225 4.318402
-12.591171 -3.548541 5.707399
-11.572062 -3.253931 7.028191
-10.454319 -2.939418 8.262304
-9.221797 -2.608376 9.389318
-7.853579 -2.260626 10.387040
-6.324821 -1.892905 11.232446
-4.609647 -1.499905 11.903350
-2.686380 -1.075724 12.380850
-0.544520 -0.615527 12.652153
1.808052 -0.117195 12.713116
4.339880 0.417611 12.569698
6.994780 0.983168 12.237610
9.695694 1.570297 11.740100
12.352905 2.167526 11.104519
14.874433 2.762434 10.358815
17.176228 3.342611 9.528899
19.190472 3.896211 8.637178
20.871746 4.412379 7.701563
22.200802 4.882252 6.734113
23.185106 5.300062 5.739589
23.854242 5.663732 4.715581
24.249849 5.973572 3.655958
24.413330 6.229248 2.557394
24.376774 6.426615 1.425768
24.161127 6.556441 0.278361
23.780987 6.605862 -0.859403
23.252131 6.561757 -1.960399
22.596598 6.413919 -3.001456
21.842226 6.156520 -3.965054
21.016956 5.787319 -4.836589
20.141687 5.305861 -5.599454
19.226534 4.712468 -6.231820
18.273491 4.009424 -6.707767
17.283762 3.204189 -7.002542
16.265047 2.312744 -7.098670
15.233991 1.361039 -6.989665
14.212665 0.383520 -6.679978
13.221869 -0.580595 -6.182512
12.275141 -1.491540 -5.516317
11.375723 -2.312534 -4.705642
10.516782 -3.012265 -3.779889
9.683764 -3.566191 -2.773404
8.857724 -3.956940 -1.724151
8.019071 -4.174099 -0.671368
7.150974 -4.213201 0.347225
6.242076 -4.074635 1.297911
5.288034 -3.762389 2.152672
4.291728 -3.283225 2.889943
3.262245 -2.646158 3.494478
2.213090 -1.862414 3.956712
1.159938 -0.945501 4.271750
