-6.5557106987929 -2.6480619826028 2.36949321816211
-6.67365888931135 -3.60962457826902 1.56397390994429
-6.52722984313047 -4.38485717031013 0.532094615249776
-6.16450598816533 -4.9215906141135 -0.583185271108386
-5.6593266532651 -5.24605237399213 -1.65932371156899
-4.97200709106609 -5.31611901744601 -2.58991715983393
-4.05671101642466 -5.01410849935248 -3.20044129391136
-3.07498511636997 -4.35029363089667 -3.13242759712736
-2.31784795749512 -3.65155464674418 -2.37061270698346
-1.88010754558134 -3.00201480975523 -1.26091959930373
-1.5669419051628 -2.39606041104675 -0.0437645050923519
-1.25546436832735 -1.75123955418238 1.11027514109412
-0.845427041967475 -1.07873309451169 2.0445610082855
-0.187604885913373 -0.279823688009741 2.38632805494802
0.517999857077309 0.512414183389659 2.07637545377403
1.03849860818824 1.12618321862102 1.21772790918882
1.39929723346734 1.65275024632991 0.130574858534536
1.75731016535391 2.12971555929112 -1.03063949965469
2.20922482554878 2.64383974725194 -2.13946062250031
2.76453250672334 3.2174759632283 -3.10287650367907
3.59472970782102 3.79632173139919 -3.69273573281674
4.67209383460542 4.12000552340253 -3.73405261243805
5.66169267937329 4.14324171687334 -3.19186599452245
6.38733315241528 3.89734305033952 -2.31518691740654
6.87902276574515 3.56714276846968 -1.29447207240994
7.14217367771753 3.2027048024872 -0.22118739896287
7.2208601295971 2.70261922908994 0.774546880270277
7.13354836275575 2.09907596481166 1.65644686774922
6.71267017175261 1.35203126247029 2.24858002203384
6.07479309395199 0.531740724133523 2.36713169265026
5.44816082446693 -0.235948828651633 2.12880757025093
5.00196464498799 -0.877171718350081 1.50381992414365
4.61802317652347 -1.41469719749056 0.658855615414223
4.30575783159035 -1.92314743465666 -0.313028804041579
3.95117068257715 -2.46897565035933 -1.28845987067011
3.57718794534191 -3.17430630816731 -2.11354489702282
3.06558735679589 -4.06624801000819 -2.56866618830082
2.43561577500086 -4.98330189367655 -2.48264277993921
1.76576458132377 -5.68067559876537 -1.97055660248284
1.07778719222012 -6.01634063678368 -1.23079421263407
0.399377166890441 -6.05281175051263 -0.410582226810449
-0.269971135325104 -5.93984827130469 0.391284687945222
-0.931302337028269 -5.73289953591247 1.19118751463352
-1.63867211714108 -5.43919714778867 1.88654677716223
-2.38279981612925 -4.92883646340946 2.32231009859919
-3.10866401930683 -4.20575219939095 2.25690861402027
-3.69281640572395 -3.49309413960307 1.67904660066793
-4.18910923161981 -2.85840464300692 0.848508491083795
-4.6821150649882 -2.29005342055436 -0.135662310474992
-5.24997923181766 -1.65009950114261 -1.08304136167172
-5.85090335666328 -0.933391671573353 -1.93887046749439
-6.48869503281876 -0.165667913888913 -2.64054914094279
-7.14657910814807 0.702672322066696 -3.00850673457507
-7.71304183102613 1.64106557161836 -2.83134384908225
-7.96162789668139 2.53284436228659 -2.19278218270988
-7.90476434200744 3.32579288703207 -1.30302160587242
-7.55341496374371 4.00432751021075 -0.34814940141836
-7.00182022983884 4.50806155610711 0.604124595416261
-6.28860583701936 4.77983930966804 1.49824145315189
-5.51931278801095 4.87906404452806 2.27248142260029
-4.6556140861871 4.73419895643891 2.68314522640088
-3.77078899237781 4.31425996157352 2.68957609552958
-3.12067650661351 3.65090405637693 2.27903948305669
-2.67236140595065 3.00157489395445 1.46288401850863
-2.26582470859884 2.34661552346811 0.546865397645858
-1.83043994727182 1.6457905490437 -0.286807389294109
-1.34936262021209 0.893896264453469 -0.927487560454115
-0.811994435572434 0.0751671723770934 -1.31410241073834
-0.134537216746158 -0.758859696339952 -1.21728433034696
0.565882208706985 -1.51188390770786 -0.750030062560195
1.21315642652996 -2.19572878579145 -0.0623321763459302
1.81913921614055 -2.8958149666452 0.654518016997743
2.46059520116962 -3.59268987772251 1.26857320586191
3.19679505307375 -4.27854065137731 1.59293264440362
4.06500372048781 -4.81404977840957 1.53348138914047
5.00162398410395 -4.99523162297648 1.16408110652939
5.83002415178744 -4.87993692752349 0.586845488895994
6.37955139851377 -4.44163048237467 -0.108463624656348
6.61751090915866 -3.76734026391829 -0.779265125425439
6.5897547496289 -2.90952723803614 -1.29768082925319
6.3161188941924 -1.91646600087465 -1.56272524735137
5.82808705522342 -0.945113672202044 -1.59884767409777
5.34454568644314 -0.0872788292847789 -1.32922986630054
4.90352188772974 0.740154049753873 -0.880990540643942
4.55165360930727 1.62712488394134 -0.351985337369542
4.20322136106779 2.56282994947929 0.142762828602539
3.76312665806081 3.49335540178741 0.50624101224428
3.16239614378013 4.34936578579485 0.558690803288967
2.40245587305004 5.0146615356753 0.356109426700416
1.50281557248573 5.4654507214704 0.0211328936129151
0.510642958585645 5.70379260693551 -0.437223464050158
-0.532637245329856 5.68470754880107 -0.94844433982588
-1.58954629406749 5.44527117224894 -1.37212988503541
-2.55976252301582 4.90502388131096 -1.60917944700643
-3.38343185153411 4.13090819287358 -1.5522255372582
-4.0601676304567 3.28150396122656 -1.16906425765211
-4.47488544084062 2.36880072641671 -0.51844248406759
-4.76906866946576 1.48467146890053 0.270188867286254
-5.04195090002526 0.735705166295561 1.16643741304466
-5.38665668314173 0.0322350875093412 2.02174312026309
-5.82998679096519 -0.701060625144441 2.69410667438979
-6.24453178731926 -1.64197523288013 2.84820824187442
