5.82546090791584 -6.96965717061539 1.31149779853877
5.01058958870999 -7.68131003431336 0.902249418126303
4.07373282208573 -8.2362158633041 0.517952606503968
3.04858588897332 -8.64247858591261 0.179506968299393
1.96607167377078 -8.9101214819093 -0.111807928857161
0.851994790355093 -9.04682195707574 -0.371773419072269
-0.271892111559282 -9.05321979522705 -0.625767593679484
-1.38426290480129 -8.92185085185338 -0.898528760197223
-2.45995275930909 -8.63885314429353 -1.20562499146035
-3.46825205195637 -8.18844533844094 -1.54620324238203
-4.37418593418261 -7.55996437071008 -1.89893738579121
-5.14256629615556 -6.75426328618778 -2.22522713150829
-5.74140394711867 -5.78946929296944 -2.47452955813787
-6.14745340845548 -4.70375615869125 -2.59374260902405
-6.3487720489502 -3.55427790417161 -2.5359488043905
-6.34855878767848 -2.41311683924869 -2.26979873729579
-6.16728670672455 -1.35427462520602 -1.78804152450175
-5.83801130320353 -0.435971589220571 -1.11285633826628
-5.38845654243778 0.326010934601072 -0.299904370505828
-4.79750955852796 0.969206930079963 0.547382662000018
-3.97965258151817 1.54373279606807 1.24794593956904
-2.91185339406366 2.04425700077263 1.57636829800322
-1.74957946324139 2.4232222806022 1.3812342343881
-0.725498836487532 2.65887598584231 0.684509659709875
0.0910785728920018 2.75484355811204 -0.303956334668328
0.952440849330742 2.71922892573639 -1.25062311979127
2.05500162407407 2.57698365750548 -1.83453248173464
3.26419303467264 2.3236292667134 -1.87825104243529
4.33860332155018 1.96471054642461 -1.4095027672156
5.1671233621455 1.52048731745163 -0.623848242234089
5.82098242120992 0.973045632970752 0.243698611084255
6.37823412418948 0.268217129967525 1.03447140658682
6.83781216472562 -0.622788463238976 1.66145954541571
7.15855711737822 -1.67331348768494 2.07646598016436
7.29994934052229 -2.81916630058549 2.26349611545447
7.23703726536769 -3.98357284412486 2.23662519521895
6.96278326994798 -5.09594363736687 2.03338720327883
6.48571780513157 -6.10275010111218 1.70603115120321
