-0.384155542266419 -5.00412774563263 2.20148120301901
0.168326095856997 -5.50269113255174 1.16674729447134
0.903521676946427 -5.86575359150364 0.198645801878314
1.81776203480288 -5.88813088954906 -0.675346611374845
2.85455145586424 -5.4605227434871 -1.32031847396738
3.88634760517147 -4.65843851985488 -1.63201861567429
4.75503841524735 -3.57895298104897 -1.68355533864308
5.39864219261999 -2.34054840045693 -1.54087192830021
5.78209225758575 -1.04758752974383 -1.23144171893053
5.89015092631292 0.203732889263938 -0.801455116325205
5.68633992874986 1.35097828293061 -0.359407440475539
5.20618261532241 2.36697152502593 -0.019025070042886
4.43745157932016 3.22737405756256 0.0640178908043075
3.47513915642591 3.91865746224772 -0.154156082610699
2.41197851761762 4.37639722219011 -0.63538746203891
1.25328490965118 4.60454442109625 -1.16182412376134
-0.00634262280161772 4.58129807342949 -1.62757582859759
-1.32423333166166 4.35125114415378 -1.97824930255852
-2.6428020999518 3.94541240962954 -2.17083598925396
-3.8810181078 3.36964806012738 -2.18310672337898
-4.93773146343208 2.62152567610475 -2.0459651624138
-5.67871315355169 1.68895565569278 -1.76519674621111
-5.88549029373482 0.585995847548839 -1.32137981882443
-5.71269060708951 -0.574651655829774 -0.831921671120024
-5.2814136799692 -1.76004387557005 -0.370920302255619
-4.75276926922955 -2.93735637723076 0.0534171710118837
-4.19829996502739 -4.0406335965613 0.463712112231282
-3.58817959233315 -5.04743218093076 0.87370153296712
-2.8465118737758 -5.96557750089141 1.3092495621065
-1.91164697549623 -6.77701012034066 1.7541121007644
-0.756976877580055 -7.36896142378344 2.15876013158548
0.53220150809943 -7.63742500971093 2.46272565860816
1.805516709085 -7.54400560041259 2.64725505223803
2.91387976976192 -7.13283257617526 2.70949357646748
3.59193954599783 -6.32423801864684 2.57403119360884
3.66890383002589 -5.33907045415648 2.2948716574533
3.0507696453881 -4.46506976533325 1.96955546989983
2.1622458129191 -3.68445543223435 1.67619456253118
1.21954444537419 -2.87902904147283 1.51050087285782
0.39347960402231 -2.01858567912359 1.76369940238163
0.0927117127116911 -1.10300583510593 2.46861505893258
0.214777415623911 -0.140616421918367 3.01924828634754
0.837287056489727 0.78795926153464 2.9184695399175
1.58868342179602 1.40008765648343 2.21145847816319
2.21238735952978 1.73255794328231 1.19794214824531
2.67838406460333 1.88693221802628 0.186578657082544
3.08185663080791 2.00945594319838 -0.748844945763922
3.57221127792011 2.26162305547604 -1.60086128362842
4.10625916036672 2.59567929779081 -2.35262049077771
4.68308293180559 3.18745276325848 -2.81436095424824
5.24726066054095 3.87912466693361 -2.83086153165847
5.58945849729272 4.65213766619085 -2.41510222033765
5.71664484110835 5.34892530706834 -1.76932173213708
5.5391927931452 5.8886399502732 -0.909137729241668
5.20620232699745 6.24917519173781 0.00658763255614542
4.61675205130217 6.34895732390926 0.976255957739108
3.77476126619121 6.15479877133613 1.82877456234452
2.79386782003689 5.78243988960835 2.47015628091551
1.77025949568613 5.30499673344323 2.74413644586799
0.876872763235122 4.66947796403127 2.6823459050838
0.0181175584199245 3.896839762457 2.21060549499151
-0.712802303149793 3.03701570073687 1.25619959920034
-1.36884426348423 2.12808157475181 0.0888767582657838
-2.0096676052776 1.16506682812488 -1.10636867076781
-2.70723964503863 0.150956166645686 -2.16067502087794
-3.54475258223981 -0.878127540321972 -2.90723636095066
-4.55638526927711 -1.81330237634814 -3.22399492069829
-5.60720698000317 -2.59213892979778 -3.00627556042427
-6.50402291788295 -3.11779799165697 -2.2504009933376
-7.15256957249066 -3.34710953156014 -1.18059502467103
-7.45702988675147 -3.22380385727544 0.0325756233361782
-7.36084235860273 -2.82598513085569 1.2123619074973
-6.83408669110446 -2.28678656070138 2.19434930000364
-5.95820029386348 -1.72576104565877 2.81183011293643
-4.8848974576511 -1.22431735227084 2.9571647098165
-3.76723054266052 -0.870337020535764 2.55067617962896
-2.7424595514662 -0.709838341777019 1.71866479661751
-1.71711562152199 -0.690426567683649 0.756673453846166
-0.512307364036415 -0.7474007253481 0.0119716720929586
0.868739753982661 -0.77869708532495 -0.0660810806431412
2.09934487479764 -0.813074555166073 0.594215429669499
2.8823726197993 -0.895252838322054 1.78152627757127
3.22030948224374 -1.05996131940662 3.1218437561574
2.92315217821155 -1.33091639160366 4.38343030025511
2.05946949523432 -1.73278985565402 5.2387320612761
0.979839556704259 -2.35311092787489 5.4501395893509
0.0165363030351391 -3.05640011025417 5.07619323458694
-0.591004306243859 -3.77048872798583 4.28666827193428
-0.674813617501468 -4.43482740463206 3.27050685160728
