-5.503742204415 -2.03011069211788 1.04275830052478
-5.55075947896864 -2.77984069085354 0.455431964811754
-5.38954546071679 -3.46500160830826 -0.171657833974357
-5.02533941711335 -4.0492027047878 -0.801078962582995
-4.48640124887346 -4.50848657512369 -1.39584938627234
-3.81201484819874 -4.83411043269145 -1.92846231807835
-3.02810674222698 -5.00670980154176 -2.36694080847474
-2.17506125917997 -5.02043553348934 -2.68495286355713
-1.29727157519831 -4.88622752885958 -2.86975654483148
-0.438805324789269 -4.60358302231088 -2.89325992473787
0.349126167482156 -4.19120773346935 -2.73771719664042
1.02484270768386 -3.68575668204095 -2.40177710770731
1.5526403429144 -3.12771690052773 -1.88178636348193
1.9504231963846 -2.56081659168636 -1.2142982263309
2.28275954626729 -1.99966485302735 -0.461059891022608
2.59656392771048 -1.43203774705716 0.310676231101601
2.89944106074137 -0.820337006344783 1.02547240981202
3.15979490527574 -0.117300949561525 1.61541677662784
3.32088243668913 0.701310377098386 2.02078525605574
3.33938004345422 1.59609903938555 2.21932840387273
3.20836416779562 2.50252237112115 2.2287332125183
2.92548239154835 3.36010910107997 2.05889631681825
2.50698500732486 4.11503464692476 1.7347718749
1.98077824473845 4.73218621893916 1.29064299114615
1.36797723407317 5.16956294552457 0.75008796258032
0.700860103595889 5.40261735911877 0.148803386807815
0.014047369446165 5.43029910097592 -0.475032974527347
-0.659028577223746 5.23950896456686 -1.08491290498691
-1.2831309308339 4.84072292880135 -1.64219096644567
-1.83077156777046 4.26550539397258 -2.11651466368692
-2.26969756126158 3.53548579323381 -2.47076838775038
-2.57575428674858 2.69341558921302 -2.67539968602327
-2.73978614262902 1.79295925816097 -2.71493130446322
-2.74665441149982 0.890626916075527 -2.55735393724898
-2.60710895972245 0.0539148740788673 -2.1902125179249
-2.36435291494541 -0.677601068699525 -1.63770590029339
-2.06904349425494 -1.30980207228368 -0.944976260547399
-1.76184212572196 -1.89365251863051 -0.185168792622512
-1.44399437553694 -2.46949343359411 0.566807883368964
-1.06838431845724 -3.05198593278378 1.24016646323255
-0.57096239843777 -3.62965966608039 1.77328326494352
0.0680569749600411 -4.16507389364519 2.13526854628259
0.833576674271373 -4.60903335701866 2.30936084431828
1.67756979876511 -4.9258561580778 2.30687677437236
2.55003496955695 -5.10413044540057 2.15489148476085
3.40704864911272 -5.12482579929833 1.86197790682644
4.20414885784746 -4.98612502584277 1.45075330074217
4.90935187839938 -4.70323577048322 0.952118167760921
5.48326319053138 -4.27908996036785 0.387628599409881
5.89781505537563 -3.73359184958251 -0.211377248419667
6.14468646022087 -3.09725111340974 -0.813400417223349
6.20082613956744 -2.39294625475023 -1.38693940117513
6.0629602734781 -1.65480452450279 -1.89926919825314
5.74913802715015 -0.917779824995512 -2.32649181859587
5.26311764540447 -0.217868935347901 -2.6349655797914
4.63115049811347 0.407152227379529 -2.79836065885443
3.89521074269257 0.928864731540847 -2.80419385371967
3.0967833797119 1.30962479927648 -2.62010826652696
2.29962846370818 1.5310191187506 -2.23218047893594
1.55594534955769 1.61830844197596 -1.66195586239342
0.87934940863603 1.62511334637556 -0.950555770546901
0.237157358813999 1.61649178320952 -0.168837256200128
-0.409946094711331 1.61551454304773 0.606189553202409
-1.10257191468901 1.58917799207538 1.29670971060534
-1.86897858874483 1.46762441814863 1.83113590527489
-2.68525999204278 1.20066901445822 2.17036811477898
-3.49139979616238 0.767542978296334 2.29398770389194
-4.21813907530925 0.186752368535245 2.21259107898225
-4.81685385203651 -0.501993747790939 1.956339337942
-5.25127862593825 -1.25626751501224 1.55354212014537
