-6.50811307327173 -5.6049766407128 -1.16233589579961
-6.07065854610699 -6.3680208636974 -0.352293399953206
-5.5245515283904 -7.03227874710009 0.441098039499725
-4.87432169421302 -7.5669000729781 1.22413915999725
-4.04875083000964 -7.92708397216754 1.9492396633806
-3.08950270521766 -8.14601491811951 2.58699988441359
-2.0326235566567 -8.14120675079499 3.08712187359011
-0.907995171974199 -7.91238028516539 3.29956509778154
0.189147842042951 -7.49970344630936 3.22692682592483
1.14864747179801 -6.93685450321138 2.79214379757153
1.8689263295956 -6.24111113940128 2.05576537651101
2.31563332970045 -5.43562088092043 1.15097159913439
2.47487125011226 -4.60018423527164 0.121124480737751
2.33781102367708 -3.75721396146748 -0.938073964916331
1.89714196883482 -2.91535799021429 -1.89703006185982
1.11701163102213 -2.05418435444587 -2.52428469308508
0.0603983772277513 -1.24052420479583 -2.48106676482341
-1.02291295628279 -0.626323764154223 -1.85171386207196
-2.02742178247403 -0.200406765042762 -0.921362768396536
-2.94030505376576 0.111452387914383 0.127922086367768
-3.8236143102973 0.435904747276399 1.13225849372509
-4.81763419551396 0.889019631488662 1.85228894137615
-5.87541466242845 1.54077515377435 2.15850584694879
-6.86205344052527 2.38189538852763 1.89052407072123
-7.54496976884615 3.37497293565387 1.18930227083067
-7.81096151559503 4.45202562878094 0.301113098873827
-7.53469623552515 5.44934632319083 -0.651065452326881
-6.80197506523074 6.15423553087778 -1.59395125540002
-5.77001954826581 6.44588820999769 -2.46008090485286
-4.55773421779774 6.31285448332385 -3.07903030954263
-3.28540401478327 5.84265954511545 -3.05062570664002
-2.23129394650782 5.31612951855861 -2.30868980218362
-1.3098351535258 4.95813092350679 -1.29128591096117
-0.451264877267649 4.87257882026353 -0.189769003903117
0.351383665229233 5.10405034051704 0.914329478859207
1.14707048784818 5.5630847666843 1.94736174265926
2.14647077836544 6.17595381318377 2.64815770853619
3.38015111854626 6.69649882278935 2.72023328303585
4.57978121631136 6.88054057381428 2.1490303170384
5.53844471053252 6.6376111505782 1.23916762881096
6.18341963496171 6.05544396223292 0.229850427595898
6.48771332901167 5.24403820402371 -0.74583510555676
6.47279272466953 4.31344536001242 -1.61116535169405
6.05605975788815 3.2935669053495 -2.19562180305555
5.33541401921232 2.28179153081245 -2.31586613820998
4.45492316475135 1.4359185878913 -1.95623020915536
3.57544093738943 0.845458392664294 -1.2166018671845
2.77181065721509 0.348195596875517 -0.315683558493934
1.97645597722128 -0.0778362161550974 0.623940006187103
1.16977457735811 -0.529398029142606 1.52581132599151
0.267326643294348 -1.13802950789479 2.14675465493392
-0.639501114894627 -1.94817295129499 2.14187724237139
-1.27259358891076 -2.87729087712399 1.57612888480542
-1.54606935110925 -3.83602280453549 0.703557767716612
-1.51029814981407 -4.77984209972907 -0.256748704473768
-1.21792329662054 -5.65308804611275 -1.19936177119708
-0.666907208469923 -6.37702792175229 -2.08063694613662
0.10203098788051 -6.95110891887797 -2.85260987955786
1.13885170755595 -7.33782845895232 -3.34238464419208
2.30810010338181 -7.50783456634509 -3.52436438809752
3.49799623199823 -7.45053875981776 -3.3370647393763
4.63169439467561 -7.17839570387372 -2.94754438263619
5.6212447415519 -6.71925379686687 -2.41068342067556
6.37736229258502 -6.07262432841189 -1.74838422231433
6.84954005043561 -5.27732798510767 -0.973281331307354
7.13879285269338 -4.40756129856136 -0.185911378070365
7.25123853455787 -3.46466493422952 0.545780773636948
7.22855895681949 -2.45160977147054 1.16477776043169
7.03799445558704 -1.4462967584647 1.73534920075153
6.69483748148574 -0.434676097274895 2.22424369385503
6.11473050654964 0.544762139541128 2.52783979081389
5.26976215717807 1.38072001082869 2.59239890776796
4.40350566505195 2.15109068653941 2.25567926023832
3.69783355279866 2.89511926622588 1.56506290246129
3.17118110937968 3.56556435308112 0.591394630157953
2.77732197637612 4.30560812022696 -0.445009235576539
2.48762507775257 5.28538678813295 -1.28996226192576
2.18045493656189 6.40855330900497 -1.8230286904516
1.66138167263383 7.51569605101856 -1.86597797478025
0.929099142148955 8.39933704605945 -1.4233482395888
0.0500303331908582 8.89454869433406 -0.642919775963807
-0.922352290073798 8.90957906373386 0.26124189303693
-1.84678321767128 8.44619844027922 1.12611204688773
-2.63306599445104 7.58838741045813 1.76766249463577
-3.2158571503381 6.44827973361448 1.99174032095834
-3.60176350840302 5.25682481117556 1.65709531319179
-3.89650954276883 4.30935980747429 0.756950231729019
-4.22072568519963 3.49408841150281 -0.299561107883442
-4.68718803403777 2.71771861149921 -1.28772440275638
-5.30900394957086 1.87091247491253 -2.01383826967256
-6.00143638204552 0.946302244555212 -2.45911449389641
-6.54853692604765 -0.0970553238136535 -2.76839798233378
-6.91851972256576 -1.24246755881786 -2.93913127980921
-7.08626159778289 -2.45636726312464 -2.89510913413319
-7.03303149738562 -3.63249034733172 -2.51629879775955
-6.85238626242629 -4.69957419819838 -1.91281852173775
